%YAML:1.0
X: !!opencv-matrix
   rows: 3
   cols: 3
   dt: d
   data: [ 5.7730798439642961e-001, -8.1036027754455719e-001,
       -4.9830447865400820e-002, 6.7614919154983510e-001,
       5.4924524319350276e-001, -4.2204539111446054e-001,
       4.5775294856356341e-001, 2.0407323050125439e-001,
       9.0520418376440104e-001 ]
